10 10
*******X**
*X***X****
***X******
********X*
**X*******
*******X**
****X*****
*Z******X*
*******OX*
******XX**
 1   2   3   4   5   6   7  999  8   9 
 1  999  2   3   4  999  0   0   7   8 
 1   0   0  999  2   5   0   0   8   9  
 1   0   0   0   0   0   0   0  999  0 
 1   0  999  3   4   5   0   7   8   9 
 1   0   3   4   5   6   0  999  8   9 
 1   0   3   4  999  5   0   7   8   9 
 1   2   0   0   0   1   0   0  999  9 
 1   2   3   4   5   6   0   0  999  0 
 1   2   3   4   5   6  999 999  9   0 